Tap Time,ITI,Asynchornies,Tone Time,IOI
,,,0.37,0.33999999999999997
,,,0.71,0.33999999999999997
1.06,,0.010000000000000009,1.05,0.3400000000000001
,,,1.38,0.32999999999999985
1.72,,-0.010000000000000009,1.73,0.3500000000000001
2.1,0.3800000000000001,0.020000000000000018,2.08,0.3500000000000001
,,,2.41,0.33000000000000007
,,,2.75,0.33999999999999986
3.11,,0.020000000000000018,3.09,0.33999999999999986
,,,3.41,0.3200000000000003
3.8,,0.04999999999999982,3.75,0.33999999999999986
4.12,0.3200000000000003,0.03000000000000025,4.09,0.33999999999999986
,,,4.42,0.33000000000000007
,,,4.75,0.33000000000000007
5.1,,0.019999999999999574,5.08,0.33000000000000007
,,,5.42,0.33999999999999986
,,,5.76,0.33999999999999986
6.11,,0.03000000000000025,6.08,0.3200000000000003
,,,6.43,0.34999999999999964
,,,6.76,0.33000000000000007
7.11,,0.020000000000000462,7.09,0.33000000000000007
7.48,0.3700000000000001,0.05000000000000071,7.43,0.33999999999999986
7.79,0.3099999999999996,0.020000000000000462,7.77,0.33999999999999986
8.12,0.3299999999999992,0.009999999999999787,8.11,0.33999999999999986
,,,8.44,0.33000000000000007
,,,8.77,0.33000000000000007
9.11,,0.0,9.11,0.33999999999999986
9.45,0.33999999999999986,0.009999999999999787,9.44,0.33000000000000007
9.77,0.3200000000000003,0.0,9.77,0.33000000000000007
10.09,0.3200000000000003,-0.019999999999999574,10.11,0.33999999999999986
,,,10.44,0.33000000000000007
,,,10.78,0.33999999999999986
11.1,,-0.009999999999999787,11.11,0.33000000000000007
11.43,0.33000000000000007,0.0,11.43,0.3200000000000003
11.79,0.35999999999999943,0.019999999999999574,11.77,0.33999999999999986
12.12,0.33000000000000007,0.019999999999999574,12.1,0.33000000000000007
,,,12.45,0.34999999999999964
,,,12.77,0.3200000000000003
13.1,,-0.030000000000001137,13.13,0.3600000000000012
,,,13.46,0.33000000000000007
,,,13.8,0.33999999999999986
14.11,,-0.02000000000000135,14.13,0.33000000000000007
,,,14.46,0.33000000000000007
14.79,,0.0,14.79,0.3299999999999983
15.14,0.3500000000000014,0.009999999999999787,15.13,0.34000000000000163
,,,15.46,0.33000000000000007
15.78,,-0.030000000000001137,15.81,0.34999999999999964
16.15,0.3699999999999992,0.019999999999999574,16.13,0.3199999999999985
,,,16.48,0.3500000000000014
16.83,,0.019999999999999574,16.81,0.3299999999999983
17.15,0.3200000000000003,0.019999999999999574,17.13,0.3200000000000003
,,,17.46,0.33000000000000185
17.79,,-0.03999999999999915,17.83,0.36999999999999744
18.15,0.35999999999999943,-0.010000000000001563,18.16,0.33000000000000185
,,,18.47,0.3099999999999987
,,,18.81,0.33999999999999986
19.15,,-0.020000000000003126,19.17,0.360000000000003
,,,19.46,0.28999999999999915
19.81,,0.0,19.81,0.34999999999999787
20.13,0.3200000000000003,-0.030000000000001137,20.16,0.3500000000000014
,,,20.46,0.3000000000000007
,,,20.79,0.3299999999999983
21.12,,-0.019999999999999574,21.14,0.3500000000000014
,,,21.47,0.3299999999999983
21.81,,-0.010000000000001563,21.82,0.3500000000000014
22.16,0.3500000000000014,0.010000000000001563,22.15,0.3299999999999983
,,,22.48,0.33000000000000185
,,,22.83,0.34999999999999787
23.18,,0.019999999999999574,23.16,0.33000000000000185
,,,23.51,0.3500000000000014
23.83,,-0.010000000000001563,23.84,0.3299999999999983
24.16,0.33000000000000185,0.010000000000001563,24.15,0.3099999999999987
,,,24.48,0.33000000000000185
,,,24.83,0.34999999999999787
25.13,,-0.0400000000000027,25.17,0.3400000000000034
25.49,0.35999999999999943,-0.010000000000001563,25.5,0.3299999999999983
25.79,0.3000000000000007,-0.030000000000001137,25.82,0.3200000000000003
26.14,0.3500000000000014,0.010000000000001563,26.13,0.3099999999999987
,,,26.48,0.3500000000000014
,,,26.81,0.3299999999999983
27.16,,0.010000000000001563,27.15,0.33999999999999986
27.5,0.33999999999999986,0.019999999999999574,27.48,0.33000000000000185
27.82,0.3200000000000003,0.019999999999999574,27.8,0.3200000000000003
28.16,0.33999999999999986,0.019999999999999574,28.14,0.33999999999999986
,,,28.47,0.3299999999999983
28.83,,0.019999999999999574,28.81,0.33999999999999986
29.17,0.3400000000000034,0.030000000000001137,29.14,0.33000000000000185
,,,29.49,0.34999999999999787
29.84,,0.030000000000001137,29.81,0.3200000000000003
30.2,0.35999999999999943,0.03999999999999915,30.16,0.3500000000000014
,,,30.47,0.3099999999999987
30.81,,0.0,30.81,0.33999999999999986
31.16,0.3500000000000014,0.019999999999999574,31.14,0.33000000000000185
,,,,
31.8,,,,
32.13,0.33000000000000185,0.010000000000005116,32.12,
,,,32.46,0.3400000000000034
32.82,,,,
33.15,0.3299999999999983,0.00999999999999801,33.14,
,,,33.46,0.3200000000000003
33.81,,0.010000000000005116,33.8,0.3399999999999963
34.14,0.3299999999999983,0.00999999999999801,34.13,0.3300000000000054
,,,34.46,0.3299999999999983
,,,34.79,0.3299999999999983
35.14,,0.0,35.14,0.3500000000000014
,,,35.46,0.3200000000000003
35.8,,0.00999999999999801,35.79,0.3299999999999983
36.11,0.3100000000000023,-0.020000000000003126,36.13,0.3400000000000034
,,,36.47,0.3399999999999963
,,,36.81,0.3400000000000034
37.14,,0.0,37.14,0.3299999999999983
,,,37.48,0.3399999999999963
,,,37.81,0.3300000000000054
38.14,,-0.00999999999999801,38.15,0.3399999999999963
,,,38.49,0.3400000000000034
,,,38.82,0.3299999999999983
39.14,,-0.00999999999999801,39.15,0.3299999999999983
,,,39.48,0.3299999999999983
39.82,,0.00999999999999801,39.81,0.3300000000000054
40.14,0.3200000000000003,0.0,40.14,0.3299999999999983
,,,40.47,0.3299999999999983
,,,40.81,0.3400000000000034
41.14,,0.0,41.14,0.3299999999999983
,,,41.48,0.3399999999999963
41.82,,0.0,41.82,0.3400000000000034
42.19,0.36999999999999744,0.04999999999999716,42.14,0.3200000000000003
,,,42.47,0.3299999999999983
,,,42.81,0.3400000000000034
43.18,,0.030000000000001137,43.15,0.3399999999999963
,,,43.5,0.3500000000000014
43.83,,0.00999999999999801,43.82,0.3200000000000003
44.18,0.3500000000000014,0.030000000000001137,44.15,0.3299999999999983
,,,44.48,0.3299999999999983
,,,44.83,0.3500000000000014
,,,45.15,0.3200000000000003
,,,45.48,0.3299999999999983
45.81,,-0.00999999999999801,45.82,0.3400000000000034
46.14,0.3299999999999983,-0.030000000000001137,46.17,0.3500000000000014
,,,46.49,0.3200000000000003
,,,46.84,0.3500000000000014
47.16,,,,
,,,47.51,
47.83,,,,
48.18,0.3500000000000014,0.00999999999999801,48.17,
,,,48.49,0.3200000000000003
48.85,,0.00999999999999801,48.84,0.3500000000000014
49.2,0.3500000000000014,0.030000000000001137,49.17,0.3299999999999983
,,,49.49,0.3200000000000003
49.84,,,,
50.17,0.3299999999999983,0.0,50.17,
,,,50.5,0.3299999999999983
,,,50.84,0.3400000000000034
51.21,,0.03999999999999915,51.17,0.3299999999999983
,,,51.5,0.3299999999999983
,,,51.85,0.3500000000000014
52.19,,-0.010000000000005116,52.2,0.3500000000000014
,,,52.52,0.3200000000000003
,,,52.86,0.3399999999999963
53.19,,-0.010000000000005116,53.2,0.3400000000000034
,,,53.53,0.3299999999999983
53.88,,0.030000000000001137,53.85,0.3200000000000003
54.22,0.3399999999999963,0.030000000000001137,54.19,0.3399999999999963
,,,,
54.87,,0.02999999999999403,54.84,
55.2,0.3300000000000054,,,
,,,55.51,
,,,55.84,0.3300000000000054
56.19,,-0.010000000000005116,56.2,0.35999999999999943
,,,56.5,0.29999999999999716
,,,56.83,0.3299999999999983
57.18,,0.0,57.18,0.3500000000000014
,,,57.5,0.3200000000000003
57.85,,0.00999999999999801,57.84,0.3400000000000034
58.19,0.3399999999999963,0.0,58.19,0.3499999999999943
,,,58.53,0.3400000000000034
,,,58.86,0.3299999999999983
59.2,,0.010000000000005116,59.19,0.3299999999999983
,,,59.53,0.3400000000000034
59.87,,0.02999999999999403,59.84,0.3100000000000023
60.19,0.3200000000000003,0.00999999999999801,60.18,0.3399999999999963
,,,60.52,0.3400000000000034
,,,60.85,0.3299999999999983
61.17,,-0.01999999999999602,61.19,0.3399999999999963
,,,61.52,0.3300000000000054
,,,61.87,0.3499999999999943
62.2,,,,
,,,,
,,,62.86,
63.21,,-0.00999999999999801,63.22,0.35999999999999943
63.55,0.3399999999999963,,,
63.87,0.3200000000000003,0.00999999999999801,63.86,
64.22,0.3500000000000014,0.010000000000005116,64.21,0.3499999999999943
,,,,
,,,64.87,
65.21,,,,
,,,,
,,,65.87,
66.2,,-0.01999999999999602,66.22,0.3499999999999943
,,,,
66.86,,-0.010000000000005116,66.87,
67.22,0.35999999999999943,-0.030000000000001137,67.25,0.37999999999999545
,,,67.59,0.3400000000000034
67.88,,0.0,67.88,0.28999999999999204
68.23,0.3500000000000085,0.010000000000005116,68.22,0.3400000000000034
,,,,
,,,68.85,
69.21,,0.009999999999990905,69.2,0.3500000000000085
,,,,
,,,69.85,
70.21,,0.01999999999999602,70.19,0.3400000000000034
,,,,
,,,70.85,
71.21,,0.009999999999990905,71.2,0.3500000000000085
,,,,
,,,71.86,
72.24,,0.01999999999999602,72.22,0.35999999999999943
72.58,0.3400000000000034,0.03999999999999204,72.54,0.3200000000000074
,,,72.89,0.3499999999999943
73.22,,0.010000000000005116,73.21,0.3199999999999932
,,,73.54,0.3300000000000125
73.87,,-0.01999999999999602,73.89,0.3499999999999943
,,,74.22,0.3299999999999983
,,,74.55,0.3299999999999983
,,,74.89,0.3400000000000034
75.24,,0.01999999999999602,75.22,0.3299999999999983
,,,75.56,0.3400000000000034
,,,75.9,0.3400000000000034
76.26,,0.010000000000005116,76.25,0.3499999999999943
76.62,0.35999999999999943,0.030000000000001137,76.59,0.3400000000000034
76.94,0.3199999999999932,0.01999999999999602,76.92,0.3299999999999983
77.29,0.3500000000000085,0.04000000000000625,77.25,0.3299999999999983
77.62,0.3299999999999983,0.020000000000010232,77.6,0.3499999999999943
77.96,0.3399999999999892,0.01999999999999602,77.94,0.3400000000000034
78.3,0.3400000000000034,0.01999999999999602,78.28,0.3400000000000034
78.63,0.3299999999999983,-0.020000000000010232,78.65,0.37000000000000455
78.98,0.3500000000000085,,,
79.35,0.36999999999999034,0.03999999999999204,79.31,
79.66,0.3100000000000023,0.0,79.66,0.3499999999999943
79.99,0.3299999999999983,-0.010000000000005116,80.0,0.3400000000000034
80.31,0.3200000000000074,0.0,80.31,0.3100000000000023
,,,80.66,0.3499999999999943
,,,80.99,0.3299999999999983
81.35,,0.030000000000001137,81.32,0.3299999999999983
,,,81.67,0.3500000000000085
,,,81.99,0.3199999999999932
82.35,,0.030000000000001137,82.32,0.3299999999999983
,,,82.67,0.3500000000000085
,,,83.0,0.3299999999999983
83.33,,0.010000000000005116,83.32,0.3199999999999932
,,,83.65,0.3300000000000125
,,,83.98,0.3299999999999983
84.32,,0.01999999999999602,84.3,0.3199999999999932
,,,84.6,0.29999999999999716
,,,84.94,0.3400000000000034
85.3,,0.03999999999999204,85.26,0.3200000000000074
,,,85.6,0.3399999999999892
,,,85.93,0.3300000000000125
86.28,,0.030000000000001137,86.25,0.3199999999999932
,,,86.58,0.3299999999999983
,,,86.91,0.3299999999999983
87.25,,0.01999999999999602,87.23,0.3200000000000074
,,,87.57,0.3399999999999892
87.91,,0.009999999999990905,87.9,0.3300000000000125
88.24,0.3299999999999983,0.01999999999999602,88.22,0.3199999999999932
,,,88.54,0.3200000000000074
,,,88.88,0.3399999999999892
89.18,,-0.01999999999999602,89.2,0.3200000000000074
,,,89.52,0.3199999999999932
,,,89.85,0.3299999999999983
90.2,,0.01999999999999602,90.18,0.3300000000000125
,,,90.51,0.3299999999999983
90.82,,-0.010000000000005116,90.83,0.3199999999999932
91.17,0.3500000000000085,0.010000000000005116,91.16,0.3299999999999983
,,,91.51,0.3500000000000085
,,,91.85,0.3399999999999892
92.2,,0.030000000000001137,92.17,0.3200000000000074
,,,92.5,0.3299999999999983
92.82,,-0.020000000000010232,92.84,0.3400000000000034
93.17,0.3500000000000085,0.010000000000005116,93.16,0.3199999999999932
,,,93.5,0.3400000000000034
93.84,,,,
94.18,0.3400000000000034,0.030000000000001137,94.15,
,,,94.49,0.3399999999999892
94.85,,0.030000000000001137,94.82,0.3299999999999983
95.17,0.3200000000000074,0.01999999999999602,95.15,0.3300000000000125
95.5,0.3299999999999983,0.010000000000005116,95.49,0.3399999999999892
95.81,0.3100000000000023,-0.01999999999999602,95.83,0.3400000000000034
96.17,0.35999999999999943,0.0,96.17,0.3400000000000034
,,,96.5,0.3299999999999983
,,,96.86,0.35999999999999943
97.19,,-0.01999999999999602,97.21,0.3499999999999943
,,,97.52,0.3100000000000023
,,,97.87,0.3500000000000085
98.24,,0.03999999999999204,98.2,0.3299999999999983
,,,98.55,0.3499999999999943
,,,98.9,0.3500000000000085
99.25,,0.01999999999999602,99.23,0.3299999999999983
,,,99.55,0.3199999999999932
,,,99.9,0.3500000000000085
,,,100.21,0.30999999999998806
,,,100.56,0.3500000000000085
,,,100.9,0.3400000000000034
101.2,,-0.03999999999999204,101.24,0.3399999999999892
,,,101.55,0.3100000000000023
,,,101.89,0.3400000000000034
102.2,,0.0,102.2,0.3100000000000023
,,,102.54,0.3400000000000034
102.85,,-0.030000000000001137,102.88,0.3399999999999892
103.21,0.35999999999999943,0.009999999999990905,103.2,0.3200000000000074
,,,103.53,0.3299999999999983
,,,103.87,0.3400000000000034
104.25,,0.04000000000000625,104.21,0.3399999999999892
104.58,0.3299999999999983,0.030000000000001137,104.55,0.3400000000000034
,,,104.9,0.3500000000000085
105.25,,0.09999999999999432,105.15,0.25
,,,105.45,0.29999999999999716
,,,,
106.24,,0.009999999999990905,106.23,
,,,,
,,,,
,,,107.16,
,,,107.46,0.29999999999999716
,,,107.8,0.3400000000000034
,,,108.14,0.3400000000000034
,,,108.47,0.3299999999999983
108.8,,0.009999999999990905,108.79,0.3200000000000074
,,,,
,,,,
109.76,,0.010000000000005116,109.75,
,,,110.09,0.3400000000000034
,,,110.42,0.3299999999999983
110.73,,0.0,110.73,0.3100000000000023
,,,111.07,0.3399999999999892
111.52,,0.030000000000001137,111.49,0.4200000000000017
111.85,0.3299999999999983,0.01999999999999602,111.83,0.3400000000000034
112.15,0.30000000000001137,0.0,112.15,0.3200000000000074
,,,112.46,0.30999999999998806
,,,112.81,0.3500000000000085
113.14,,0.0799999999999983,113.06,0.25
,,,113.45,0.39000000000000057
,,,113.78,0.3299999999999983
114.12,,0.010000000000005116,114.11,0.3299999999999983
,,,114.45,0.3400000000000034
,,,114.77,0.3199999999999932
115.1,,-0.010000000000005116,115.11,0.3400000000000034
,,,115.4,0.29000000000000625
115.72,,-0.01999999999999602,115.74,0.3399999999999892
116.05,0.3299999999999983,0.009999999999990905,116.04,0.30000000000001137
,,,116.39,0.3499999999999943
,,,116.72,0.3299999999999983
117.06,,0.01999999999999602,117.04,0.3200000000000074
,,,117.35,0.30999999999998806
,,,117.7,0.3500000000000085
118.03,,0.030000000000001137,118.0,0.29999999999999716
,,,118.34,0.3400000000000034
118.67,,0.0,118.67,0.3299999999999983
119.01,0.3400000000000034,-0.009999999999990905,119.02,0.3499999999999943
,,,119.32,0.29999999999999716
119.67,,0.010000000000005116,119.66,0.3400000000000034
120.01,0.3400000000000034,0.04000000000000625,119.97,0.3100000000000023
,,,120.31,0.3400000000000034
,,,120.64,0.3299999999999983
120.99,,0.0,120.99,0.3499999999999943
121.32,0.3299999999999983,0.009999999999990905,121.31,0.3200000000000074
121.66,0.3400000000000034,0.01999999999999602,121.64,0.3299999999999983
121.99,0.3299999999999983,0.01999999999999602,121.97,0.3299999999999983
,,,122.31,0.3400000000000034
122.66,,0.01999999999999602,122.64,0.3299999999999983
123.0,0.3400000000000034,0.01999999999999602,122.98,0.3400000000000034
,,,123.31,0.3299999999999983
,,,123.66,0.3499999999999943
123.97,,0.0,123.97,0.3100000000000023
124.35,0.37999999999999545,0.03999999999999204,124.31,0.3400000000000034
124.63,0.28000000000000114,,,
124.98,0.3500000000000085,0.020000000000010232,124.96,
125.28,0.29999999999999716,-0.01999999999999602,125.3,0.3400000000000034
125.65,0.37000000000000455,,,
125.97,0.3199999999999932,0.010000000000005116,125.96,
,,,126.3,0.3400000000000034
126.64,,,,
126.97,0.3299999999999983,0.010000000000005116,126.96,
127.33,0.35999999999999943,,,
127.65,0.3200000000000074,,,
127.97,0.3199999999999932,0.010000000000005116,127.96,
,,,128.31,0.3500000000000085
,,,128.62,0.3100000000000023
128.99,,0.020000000000010232,128.97,0.3499999999999943
,,,129.3,0.3300000000000125
,,,129.62,0.3199999999999932
129.99,,0.030000000000001137,129.96,0.3400000000000034
,,,130.3,0.3400000000000034
,,,130.62,0.3199999999999932
130.98,,0.030000000000001137,130.95,0.3299999999999841
,,,131.29,0.3400000000000034
,,,131.61,0.3200000000000216
131.95,,0.0,131.95,0.339999999999975
,,,132.29,0.3400000000000034
,,,132.62,0.3300000000000125
132.97,,0.009999999999990905,132.96,0.3400000000000034
,,,133.29,0.3299999999999841
,,,133.62,0.3300000000000125
133.98,,0.030000000000001137,133.95,0.3299999999999841
,,,134.29,0.3400000000000034
,,,134.62,0.3300000000000125
134.95,,0.0,134.95,0.3299999999999841
,,,135.27,0.3200000000000216
,,,135.61,0.3400000000000034
135.93,,-0.009999999999990905,135.94,0.3299999999999841
,,,136.29,0.3499999999999943
136.61,,-0.009999999999990905,136.62,0.3300000000000125
136.94,0.3299999999999841,0.0,136.94,0.3199999999999932
,,,137.28,0.3400000000000034
,,,137.61,0.3300000000000125
137.95,,0.009999999999990905,137.94,0.3299999999999841
138.26,0.3100000000000023,0.04999999999998295,138.21,0.27000000000001023
,,,138.57,0.3599999999999852
138.94,,0.030000000000001137,138.91,0.3400000000000034
,,,,
,,,139.58,
139.91,,0.030000000000001137,139.88,0.29999999999998295
,,,140.22,0.3400000000000034
140.57,,,,
140.91,0.3400000000000034,0.04999999999998295,140.86,
,,,141.2,0.339999999999975
141.54,,0.0,141.54,0.3400000000000034
141.87,0.3300000000000125,0.009999999999990905,141.86,0.3200000000000216
142.22,0.3499999999999943,0.020000000000010232,142.2,0.339999999999975
142.53,0.3100000000000023,0.009999999999990905,142.52,0.3200000000000216
142.85,0.3199999999999932,,,
,,,143.18,
143.53,,0.020000000000010232,143.51,0.3299999999999841
143.88,0.3499999999999943,0.04999999999998295,143.83,0.3200000000000216
,,,144.17,0.339999999999975
,,,144.5,0.3300000000000125
144.85,,0.009999999999990905,144.84,0.3400000000000034
,,,145.17,0.3299999999999841
,,,145.49,0.3200000000000216
145.83,,0.010000000000019327,145.82,0.3299999999999841
,,,146.16,0.3400000000000034
,,,146.49,0.3300000000000125
146.81,,0.009999999999990905,146.8,0.3100000000000023
,,,147.14,0.339999999999975
147.49,,0.020000000000010232,147.47,0.3300000000000125
147.81,0.3199999999999932,0.020000000000010232,147.79,0.3199999999999932
,,,148.12,0.3300000000000125
,,,148.46,0.3400000000000034
148.82,,0.01999999999998181,148.8,0.3400000000000034
,,,149.13,0.3299999999999841
,,,149.46,0.3300000000000125
149.8,,0.0,149.8,0.3400000000000034
,,,150.13,0.3299999999999841
,,,150.47,0.3400000000000034
150.82,,0.0,150.82,0.3499999999999943
,,,151.16,0.3400000000000034
,,,151.5,0.3400000000000034
151.84,,0.0,151.84,0.3400000000000034
,,,152.15,0.3100000000000023
152.52,,,,
152.82,0.29999999999998295,0.009999999999990905,152.81,
,,,153.14,0.3299999999999841
153.48,,-0.010000000000019327,153.49,0.35000000000002274
153.83,0.35000000000002274,0.020000000000010232,153.81,0.3199999999999932
,,,,
,,,154.49,
154.84,,0.020000000000010232,154.82,0.3299999999999841
,,,155.18,0.36000000000001364
,,,155.48,0.29999999999998295
,,,155.82,0.3400000000000034
156.18,,0.020000000000010232,156.16,0.3400000000000034
156.51,0.3299999999999841,,,
156.87,0.36000000000001364,0.060000000000002274,156.81,
,,,157.16,0.3499999999999943
,,,157.51,0.3499999999999943
157.84,,0.020000000000010232,157.82,0.3100000000000023
,,,158.15,0.3300000000000125
,,,158.5,0.3499999999999943
158.84,,0.030000000000001137,158.81,0.3100000000000023
159.17,0.3299999999999841,0.030000000000001137,159.14,0.3299999999999841
159.48,0.3100000000000023,0.0,159.48,0.3400000000000034
159.82,0.3400000000000034,0.009999999999990905,159.81,0.3300000000000125
,,,160.16,0.3499999999999943
,,,160.5,0.3400000000000034
160.84,,0.009999999999990905,160.83,0.3300000000000125
,,,161.18,0.3499999999999943
,,,161.52,0.3400000000000034
161.88,,0.030000000000001137,161.85,0.3299999999999841
,,,162.19,0.3400000000000034
,,,162.52,0.3300000000000125
162.88,,0.01999999999998181,162.86,0.3400000000000034
,,,163.21,0.3499999999999943
,,,163.54,0.3299999999999841
163.92,,0.04999999999998295,163.87,0.3300000000000125
,,,164.21,0.3400000000000034
,,,164.54,0.3299999999999841
164.87,,0.0,164.87,0.3300000000000125
,,,165.21,0.3400000000000034
,,,165.55,0.3400000000000034
165.89,,0.009999999999990905,165.88,0.3299999999999841
,,,166.21,0.3300000000000125
,,,166.54,0.3299999999999841
166.91,,0.030000000000001137,166.88,0.3400000000000034
,,,167.21,0.3300000000000125
167.58,,,,
167.89,0.30999999999997385,0.009999999999990905,167.88,
,,,168.19,0.3100000000000023
,,,168.53,0.3400000000000034
168.88,,0.009999999999990905,168.87,0.3400000000000034
169.21,0.3300000000000125,0.010000000000019327,169.2,0.3299999999999841
,,,169.54,0.3400000000000034
169.88,,0.009999999999990905,169.87,0.3300000000000125
,,,170.21,0.3400000000000034
,,,170.54,0.3299999999999841
170.87,,-0.009999999999990905,170.88,0.3400000000000034
171.2,0.3299999999999841,-0.010000000000019327,171.21,0.3300000000000125
171.56,0.36000000000001364,0.009999999999990905,171.55,0.3400000000000034
171.89,0.3299999999999841,0.0,171.89,0.339999999999975
,,,172.22,0.3300000000000125
,,,172.55,0.3300000000000125
,,,172.88,0.3299999999999841
173.21,,0.0,173.21,0.3300000000000125
173.54,0.3299999999999841,0.0,173.54,0.3299999999999841
173.87,0.3300000000000125,0.009999999999990905,173.86,0.3200000000000216
,,,174.2,0.339999999999975
174.53,,,,
174.87,0.3400000000000034,0.03999999999999204,174.83,
,,,175.16,0.3299999999999841
175.5,,0.0,175.5,0.3400000000000034
175.85,0.3499999999999943,0.04999999999998295,175.8,0.30000000000001137
,,,176.14,0.339999999999975
176.52,,0.05000000000001137,176.47,0.3300000000000125
176.82,0.29999999999998295,0.01999999999998181,176.8,0.3300000000000125
,,,177.14,0.339999999999975
177.51,,0.04999999999998295,177.46,0.3200000000000216
177.82,0.3100000000000023,0.01999999999998181,177.8,0.3400000000000034
,,,178.12,0.3199999999999932
,,,178.45,0.3299999999999841
178.8,,0.020000000000010232,178.78,0.3300000000000125
,,,179.11,0.3300000000000125
,,,179.43,0.3199999999999932
179.79,,0.03999999999999204,179.75,0.3199999999999932
,,,180.09,0.3400000000000034
,,,180.43,0.3400000000000034
180.77,,0.010000000000019327,180.76,0.3299999999999841
,,,181.09,0.3300000000000125
181.41,,0.0,181.41,0.3199999999999932
181.74,0.3300000000000125,0.0,181.74,0.3300000000000125
,,,182.08,0.3400000000000034
182.41,,0.009999999999990905,182.4,0.3199999999999932
182.75,0.3400000000000034,0.0,182.75,0.3499999999999943
,,,183.07,0.3199999999999932
,,,183.41,0.3400000000000034
183.74,,0.020000000000010232,183.72,0.3100000000000023
,,,184.06,0.3400000000000034
,,,184.4,0.3400000000000034
184.7,,-0.020000000000010232,184.72,0.3199999999999932
,,,185.06,0.3400000000000034
185.39,,0.0,185.39,0.3299999999999841
185.72,0.3300000000000125,0.0,185.72,0.3300000000000125
,,,186.06,0.3400000000000034
,,,186.39,0.3299999999999841
186.73,,0.0,186.73,0.3400000000000034
,,,187.06,0.3300000000000125
187.4,,0.010000000000019327,187.39,0.3299999999999841
187.73,0.3299999999999841,0.0,187.73,0.3400000000000034
,,,188.07,0.3400000000000034
,,,188.41,0.3400000000000034
188.74,,0.0,188.74,0.3300000000000125
,,,189.07,0.3299999999999841
,,,189.41,0.3400000000000034
189.75,,0.0,189.75,0.3400000000000034
,,,190.07,0.3199999999999932
190.4,,,,
190.77,0.37000000000000455,0.030000000000001137,190.74,
,,,191.1,0.3599999999999852
191.42,,0.0,191.42,0.3199999999999932
191.77,0.35000000000002274,0.030000000000001137,191.74,0.3200000000000216
,,,192.09,0.3499999999999943
192.44,,0.030000000000001137,192.41,0.3199999999999932
192.75,0.3100000000000023,,,
,,,193.06,
193.41,,0.0,193.41,0.3499999999999943
193.73,0.3199999999999932,0.009999999999990905,193.72,0.3100000000000023
,,,194.05,0.3300000000000125
,,,,
194.73,,0.009999999999990905,194.72,
,,,195.05,0.3300000000000125
,,,195.38,0.3299999999999841
195.72,,0.0,195.72,0.3400000000000034
,,,196.05,0.3300000000000125
,,,196.37,0.3199999999999932
196.69,,-0.030000000000001137,196.72,0.3499999999999943
,,,197.02,0.30000000000001137
197.36,,0.0,197.36,0.3400000000000034
197.7,0.339999999999975,0.01999999999998181,197.68,0.3199999999999932
,,,198.02,0.3400000000000034
,,,198.35,0.3299999999999841
198.71,,0.040000000000020464,198.67,0.3199999999999932
,,,199.01,0.3400000000000034
199.35,,0.009999999999990905,199.34,0.3300000000000125
199.68,0.3300000000000125,0.020000000000010232,199.66,0.3199999999999932
,,,200.0,0.3400000000000034
,,,200.33,0.3300000000000125
200.68,,0.010000000000019327,200.67,0.339999999999975
201.02,0.3400000000000034,0.010000000000019327,201.01,0.3400000000000034
201.34,0.3199999999999932,0.0,201.34,0.3300000000000125
201.69,0.3499999999999943,0.0,201.69,0.3499999999999943
,,,,
,,,202.33,
,,,202.66,0.3299999999999841
203.0,,0.020000000000010232,202.98,0.3199999999999932
203.31,0.3100000000000023,-0.020000000000010232,203.33,0.35000000000002274
203.65,0.3400000000000034,0.010000000000019327,203.64,0.30999999999997385
,,,203.98,0.3400000000000034
,,,204.31,0.3300000000000125
204.67,,0.030000000000001137,204.64,0.3299999999999841
,,,204.99,0.35000000000002274
205.34,,0.020000000000010232,205.32,0.3299999999999841
205.68,0.3400000000000034,0.040000000000020464,205.64,0.3199999999999932
,,,205.98,0.3400000000000034
206.32,,0.009999999999990905,206.31,0.3300000000000125
206.68,0.36000000000001364,0.05000000000001137,206.63,0.3199999999999932
,,,206.97,0.3400000000000034
207.31,,0.0,207.31,0.3400000000000034
207.65,0.3400000000000034,0.020000000000010232,207.63,0.3199999999999932
,,,207.97,0.3400000000000034
208.31,,-0.009999999999990905,208.32,0.3499999999999943
208.64,0.3299999999999841,0.009999999999990905,208.63,0.3100000000000023
,,,208.95,0.3199999999999932
209.29,,0.0,209.29,0.3400000000000034
209.63,0.3400000000000034,,,
,,,209.95,
,,,210.3,0.35000000000002274
210.63,,,,
210.96,0.3300000000000125,0.040000000000020464,210.92,
211.31,0.3499999999999943,0.03999999999999204,211.27,0.35000000000002274
211.62,0.3100000000000023,0.0,211.62,0.3499999999999943
,,,211.93,0.3100000000000023
,,,212.27,0.3400000000000034
212.6,,,,
,,,212.92,
,,,213.26,0.3400000000000034
213.58,,-0.030000000000001137,213.61,0.35000000000002274
,,,213.89,0.2799999999999727
,,,214.24,0.35000000000002274
,,,,
,,,214.88,
215.24,,0.020000000000010232,215.22,0.3400000000000034
215.56,0.3199999999999932,0.030000000000001137,215.53,0.3100000000000023
,,,215.85,0.3199999999999932
,,,,
216.51,,,,
,,,,
,,,217.16,
,,,,
,,,217.82,
,,,,
,,,,
218.81,,,,
,,,219.16,
219.48,,,,
,,,219.8,
,,,220.14,0.339999999999975
220.47,,0.0,220.47,0.3300000000000125
,,,220.81,0.3400000000000034
221.17,,0.01999999999998181,221.15,0.3400000000000034
221.45,0.28000000000000114,-0.040000000000020464,221.49,0.3400000000000034
,,,221.82,0.3299999999999841
,,,222.18,0.36000000000001364
222.51,,0.030000000000001137,222.48,0.29999999999998295
,,,222.79,0.3100000000000023
